+------+--------------+---------+
| days | patient_AMKA | hosp_id |
+------+--------------+---------+
|   36 | 1711525638   |      29 |
|   36 | 0508110004   |     287 |
|   54 | 2803115659   |      32 |
|   54 | 2912642149   |     248 |
|   73 | 1309053380   |     382 |
|   73 | 2101976144   |     122 |
|   73 | 0908019573   |     160 |
|   83 | 0104226858   |     182 |
|   83 | 0807908917   |      43 |
|  100 | 2001068819   |     390 |
|  100 | 0104226858   |     212 |
+------+--------------+---------+
